29,29009031100531,29602041100043
106,27711061100534,27705041100341
107,28712031100513,29203211204947
115,28102161201777,28604061101029
276,0,28104211100562
303,28004211100631,28603051100842
467,27711061100496,28802211100901
470,27609261100378,27602111100243
488,26601271100312,27303071100663
495,27309251602151,27511081100884
498,26911261100437,28103221100726
502,275503151100175,27710201202468
505,0,25504011100581
507,0,25612111100284
508,26809241100318,27001161100283
629,28812101205975,29203041100483
756,0,25911141100405
758,26007021100636,26205131100301
760,0,26312191100506
762,27312241100379,27105221100407
763,25105161100197,26206251100344
769,28102031100693,28301011223007
770,0,26707101100345
773,25509201100717,26709111100206
825,26810191100271,26908291100287
829,25309271100294,26102051100463
855,28401311100777,28611298800505
856,26403231100216,26904221100446
861,28905131100611,29009161100621
982,26502211100315,27208011101129
1040,26312250105274,27604121100368
1065,25004281100416,26502011100388
1105,28610211100573,26210241100008
1111,0,27109241100301
1149,28807050300192,28503281100324
1154,28501051102651,29403131100368
1155,27902181100937,28801031202921
1156,0,23808101100701
1157,27504121100771,28001071101586
1249,28303281100511,28412122500103
1251,0,25901211100526
1259,28510071100654,28512281100448
1270,0,26909301100325
1272,0,26510181100407
1333,0,25212261100527
1343,27304171100578,27711121101128
1348,26611211100459,27612231100161
1375,0,28501011109904
1376,28302151101196,29007211100609
1377,27301261100675,27809131100707
1440,0,25211271100545
1450,25606121100517,25605171100384
1451,24603251100338,25103201100443
1457,0,2690808110209
1463,26807291100537,27312191100488
1464,26512261100613,27404291100088
1467,27005241100191,28507141100664
1473,0,25705031100427
1478,28512251100353,28709231100886
1480,26111031100351,26902101100504
1494,25605081100458,26511141100524
1513,25910011203117,27004141200329
1516,29511051100313,29501311200265
1523,0,27108071100402
1531,27505311100498,27810251100822
1537,0,28007011100945
1559,28705151100359,28802211100847
1565,28208301100596,28801011111368
1566,0,27203291100465
1567,24703101100474,26711291100246
1570,26908161100358,27703221100827
1571,27904281100457,29009061100403
1574,28908101101034,29107271100726
1575,29107271100874,29212031100247
1576,25208211200299,25408031100449ุง
1581,29709291100633,0
1587,24611241100332,24510051100581
1606,27202111100431,28907101100988
1707,28407301100815,28807011102286
1721,27009221100238,275122281100249
1726,26903051100539,27306291100281
1729,27710301201515,28210011215742
1733,27911141100631,29304131101824
1734,27302191100695,28705031100525
1735,27208161100554,28204231300783
1736,27909101100952,27009012800869
1737,27507161100519,28111011102222
1738,28906121100538,29111171200747
1739,0,25504171100421
1740,28901031101011,29311221100624
1742,27308241100312,279991106110068
1743,0,26503221100221
1744,0,28403311100401
1745,28206221100738,28909211100501
1746,27903041100631,28609231100962
1747,27909101100979,28504281100525
1748,26702091100391,2670913130250
1751,0,25412151100563
1753,27601041201911,28504011102445
1756,26401211100276,27808281100687
1757,26909231100373,27704181100167
1758,0,25206111100448
1760,0,25002021100509
1761,28401011113133,28508031100967
1763,0,27211211100624
1764,0,25803011100821
1765,0,26902121100748
1766,27112111100734,28004271100541
1767,0,25802161100467
1768,26008011100511,26208141100228
1769,27111191100512,28212091202029
1770,28406141100639,29204231200367
1812,28301161101236,28803261204305
1815,25010081100373,26111281100364
1821,27808031100673,28402121100483
1823,26712151100391,27309201202062
1824,27101301100577,28410061201385
1828,0,28507271100941
1829,0,28708081101661
1834,28601111101158,29707241100605
1836,0,27709041100568
1955,0,28406011101528
1959,27302061100693,28105161100546
1960,0,27809251101324
1979,0,24901251100487
1991,24110091100372,25008261100261
1994,27007021100273,27712271100703
1998,28503091100832,28502231100661
2005,0,26412011100842
2020,26307221100171,28207081302064
2021,27404111100395,29004081201069
2032,27103261100199,28711051100769
2036,28202031100671,28505071100502
2039,28809011102734,29706192600102
2040,0,26504111200285
2047,27509161301134,29501101100926
2053,26901291100398,28302071100865
2054,28407071101353,29110141100601
2057,0,25610091100387
2061,0,27605031100721
2069,25311031100259,25601081100541
2070,28312061100617,28708081101645
2098,29010301100552,29302211100589
2100,26208061100359,25304051100305
2101,25710071100393,26604141100425
2103,26008061100295,26904221100381
2106,25402201100734,25611171100686
2110,28405031100491,28711181100841
2117,25602151202378,26703101100242
2119,27909011101852,28702101100847
2122,24612270100917,26606021100386
2123,27807091100579,28209081100588
2125,25409011100813,25903241302169
2126,28005011101256,28910131200121
2129,28402202404673,28606042402029
2139,0,28407111100967
2140,24704131200411,25704031100722
2158,0,27810091100642
2169,0,24808291100501
2170,0,26003011100781
2171,26402061100139,26609061100281
2174,26005141100211,26805221200388
2175,29506308800776,29509131100409
2178,0,25405221100365
2179,27902131100715,28602151101327
2180,26111211200531,26501132101962
2184,28807181100512,289021411001167
2185,2803091100716,28112261201869
2187,28507201100952,28304102705101
2188,28105061100077,27305241100461
2189,0,25804191100308
2192,27909151101097,29302011102609
2233,26403141100471,27505201100484
2305,29303021100716,29803031200983
2354,28609231100814,28602131100561
2356,27002211100731,2790641100686
2366,28105241100555,28206011101529
2430,26712281100252,27701191100549
2440,0,25609081100267
2441,28109131100539,29001201100807
2445,27912051100612,28803081100722
2446,28804271100512,29306271100389
2447,26112151100873,26511141200286
2452,25509231100258,25807011100606
2453,27310151100512,286072011011201
2454,28403201100618,29410011104749
2468,26304061100234,26803251200444
2495,26806261100455,30110171201084
2513,0,27404291100304
2524,26302121200451,26308141100427
2527,26811191201295,27907301100121
2529,25806281100296,26101191100424
2552,28405121100814,286110272800642
2553,28508061100953,29603202800845
2554,26607091602695,27309131100348
2603,0,27507121100443
2608,25806261100419,26911111100323
2611,26308181100411,26812171100464
2612,26007221100312,27308011100721
2613,28303051201513,29608151200726
2670,27807161100831,27905061100584
2678,28808011104731,28812031101026
2748,2611021100276,27402141100681
2755,28409301100656,28407181100727
2827,30006261100919,30108141100246
2831,25510112600453,26304031100582
2835,27610261100431,28410131202066
2840,28710231100558,29311091100368
2846,29004031100377,29404211100128
2870,28108261100518,28612291100067
2871,28708261101295,29101011111122
2874,28909141100614,28701291100604
2894,26009081100557,26605241200181
2919,0,26511141200286
2924,27208061100611,27412201100265
2926,29311201101195,29501081100061
2950,28003101203071,28211171201141
2953,27908021100475,28904011102869
2961,29106041100437,29410221100363
2965,29702051100038,30206011102303
2967,27605131100354,27804021100726
2971,26802071100798,27202291100621
2972,25908291100577,26603011100508
2998,26902191100214,27511051201104
3013,28005131100431,2870524110068
3070,27909171100836,28612231100327
3075,0,27503241100581
3076,28510091100693,29103011102266
3077,287081711877,29409061100126
3081,28011021100835,28308291100783
3089,0,28108171100802
3097,2791124110117,28803071100767
3144,27310271100516,27706111100464
3145,26201101100051,26708181100266
3146,28803161100391,29509051100505
3156,27508161100779,27812151100844
3175,28406191100559,29010221100764
3195,27209091100612,28102051100622
